P=0.100000
14 77,04670549
15 76,21479166
16 75,34005121
17 74,41530543
18 73,43437157
19 72,39081932
20 71,27700728
21 1,262752171
22 1,192062606
23 1,129867106
24 1,074541992
.
.
.
.
300	0,080770907
.
.
.
400 .....
P=0.600000 
14 77,46001046
15 76,65415277
16 75,80898763
17 74,91820134
18 73,97661633
19 72,97909714
20 71,91976897
21 70,79136729
22 69,58453228
23 68,28685042
24 66,88136194
25 65,34401532
26 63,63893516
27 61,70863011
28 59,4503956
29 6,905151961
30 6,384938301
31 5,971773176
.
.
.
.
300	0,483212392
.
.
.
400


